-12.56601,3.277055,31.75443,-2.331437,-8.853381,-27.12726,0.9663405,0.134349,0.2193999,-0.1411899,0.9898576,0.01572993,-0.2150614,-0.04617753,0.9755082
-11.78138,3.399514,30.70533,-1.128645,-3.756191,-29.51433,0.9896265,0.1394355,0.03460024,-0.1395969,0.9902058,0.002282142,-0.03394315,-0.007088555,0.9993986
-11.11365,3.504783,29.72433,-2.764856,-6.495915,-29.79225,0.9830763,0.1415404,0.1163065,-0.1466842,0.9884955,0.03688274,-0.1097481,-0.05331887,0.9925283
-10.40557,3.636417,28.69427,-0.7152835,-2.869396,-23.55014,0.9808911,0.1828823,0.06638254,-0.1835911,0.9829915,0.004686123,-0.06439647,-0.01678382,0.9977832
-9.654345,3.773023,27.69431,-0.5689186,-1.89239,-27.99586,0.9792889,0.200542,0.02785837,-0.2006595,0.97966,0.001460054,-0.02699893,-0.007019863,0.9996108
-9.02037,3.891855,26.84558,1.016444,1.152609,-28.29803,0.9847237,0.1629702,-0.06131861,-0.1644335,0.9861936,-0.01959208,0.0572791,0.02937562,0.9979259
-8.563364,3.978384,26.10316,0.9930112,1.404389,-26.417,0.9930339,0.09738346,-0.0663341,-0.0992773,0.9947234,-0.02587058,0.06346472,0.03227584,0.997462
-8.23797,4.044542,25.40605,1.495681,1.959637,-26.55744,0.9960342,0.05509024,-0.06986327,-0.05757811,0.9977582,-0.03410998,0.06782752,0.03799731,0.9969732
-8.017261,4.095038,24.74635,2.033327,2.112056,-24.54316,0.996534,0.0389052,-0.07352857,-0.04338697,0.9972326,-0.06037194,0.0709763,0.06335287,0.9954641
-7.910584,4.090229,24.13443,1.978055,1.502231,-24.74151,0.9981538,0.04003584,-0.04567434,-0.04266994,0.9973906,-0.05823379,0.04322372,0.0600752,0.9972576
-7.911307,4.029857,23.56974,1.004046,0.4404285,-24.53959,0.9993305,0.03658511,-0.0002446966,-0.03657933,0.9990011,-0.02566566,-0.0006945289,0.02565743,0.9996706
-7.961241,3.950151,22.99259,0.766341,-0.06373157,-24.21596,0.9987025,0.04724449,0.01900632,-0.04677603,0.9986078,-0.02438059,-0.02013171,0.02345992,0.999522
-8.041247,3.85826,22.42277,0.2951579,-0.7303903,-23.473,0.9967377,0.06619166,0.04618036,-0.06586944,0.9977923,-0.00846617,-0.0466388,0.005396676,0.9988973
-8.138517,3.769302,21.85255,0.07274233,-1.063135,-22.76999,0.9953438,0.07476225,0.06083888,-0.07454369,0.9972005,-0.005857405,-0.06110648,0.001294977,0.9981304
-8.229668,3.678137,21.2581,-0.07787786,-1.144739,-21.98737,0.9952342,0.07460844,0.06278941,-0.07454783,0.9972119,-0.003310637,-0.06286135,-0.001385955,0.9980213
-8.300394,3.60294,20.74465,-0.3812476,-1.316986,-20.94616,0.9951431,0.06840547,0.07078764,-0.06903534,0.9975931,0.006487227,-0.0701735,-0.01134257,0.9974703
-8.35062,3.555917,20.23812,-0.347551,-1.292628,-20.37511,0.9955679,0.06397166,0.06893662,-0.06435219,0.9979218,0.003311082,-0.06858154,-0.00773263,0.9976156
-8.358935,3.534822,19.76169,-0.3346541,-1.359054,-19.41929,0.9954096,0.06153653,0.07330045,-0.06176132,0.9980906,0.0008018925,-0.07311115,-0.005325344,0.9973096
-8.342982,3.537736,19.25053,-0.2470227,-1.158481,-19.82085,0.9961233,0.06112935,0.06325883,-0.06112707,0.9981281,-0.001973072,-0.06326103,-0.001901405,0.9979952
-8.306289,3.56154,18.71207,-0.1936263,-1.033015,-19.37522,0.995784,0.06995618,0.05933275,-0.07004755,0.9975435,-0.0005409914,-0.05922484,-0.003617403,0.9982381
-8.259023,3.608803,18.19418,-0.1191835,-0.9552392,-19.13324,0.9959245,0.0695109,0.05746835,-0.06928115,0.9975792,-0.005982914,-0.05774511,0.001977057,0.9983294
-8.225253,3.660885,17.66395,0.01336411,-0.7634894,-18.60006,0.9967951,0.06186875,0.05071304,-0.06165681,0.9980809,-0.005734562,-0.05097051,0.002589379,0.9986968
-8.231722,3.740773,17.10326,0.2280021,-0.7502387,-18.03487,0.9968067,0.06353896,0.04836485,-0.06278326,0.9978826,-0.01698836,-0.04934186,0.0138976,0.9986852
-8.266313,3.812371,16.59657,0.490228,-1.062944,-17.51712,0.9958699,0.06315161,0.06523114,-0.06131834,0.9976752,-0.02973601,-0.06695737,0.02561333,0.997427
-8.285575,3.862741,16.03504,0.6254188,-1.1628,-16.9638,0.9941439,0.08645314,0.06483677,-0.08384843,0.9955982,-0.04187725,-0.06817179,0.03619555,0.9970168
-8.306561,3.83924,15.44132,0.5567139,-0.9868314,-16.35247,0.9947265,0.08228925,0.06121806,-0.08017628,0.9961228,-0.03621029,-0.06396042,0.0311111,0.9974674
-8.297291,3.775466,14.85413,0.2555045,-0.9671317,-14.92284,0.9947653,0.07650361,0.06774326,-0.07524696,0.9969456,-0.02091528,-0.06913644,0.01570833,0.9974836
-8.265127,3.679756,14.21284,-0.002803577,-0.7890048,-15.14264,0.9955771,0.07438404,0.05738679,-0.0739204,0.9972124,-0.01016309,-0.05798279,0.005876085,0.9983003
-8.215712,3.59862,13.61157,-0.1901736,-0.5706574,-14.61329,0.9951738,0.08426765,0.05028024,-0.08414589,0.9964431,-0.00453732,-0.05048375,0.0002845459,0.9987248
-8.19487,3.554676,13.0402,-0.3506859,-0.5139807,-13.78543,0.9946414,0.08983936,0.05116111,-0.09029756,0.9958922,0.006711359,-0.050348,-0.01129512,0.9986678
-8.170374,3.575065,12.4531,-0.2687153,-0.443622,-13.26074,0.9943404,0.09344126,0.05055707,-0.09367777,0.9955999,0.002323751,-0.05011748,-0.007046673,0.9987184
-8.162615,3.648159,11.85867,0.02630773,-0.3467973,-12.72035,0.9946696,0.09389891,0.04260879,-0.09326254,0.9955016,-0.01668928,-0.04398423,0.01262651,0.9989524
-8.172055,3.74187,11.25674,0.1704016,-0.314725,-11.99689,0.995302,0.08777004,0.04087153,-0.08721469,0.9960738,-0.01518175,-0.04204356,0.01154582,0.9990491
-8.218317,3.845111,10.65302,0.5950624,-0.4240617,-11.35427,0.9955737,0.08403637,0.04208229,-0.08190292,0.9953809,-0.05008762,-0.04609709,0.04641925,0.9978579
-8.26193,3.878221,9.94999,0.3267055,-0.5186795,-10.78419,0.9936541,0.09890585,0.05356481,-0.09749725,0.9948331,-0.02830745,-0.05608782,0.02290539,0.998163
-8.302144,3.869338,9.282986,0.4084,-0.5913818,-10.06703,0.9956589,0.0715206,0.05956579,-0.06948297,0.9969475,-0.03560688,-0.06193059,0.0313135,0.9975891
-8.321685,3.786984,8.593174,0.21131,-0.5537688,-9.390639,0.9952843,0.07905197,0.0562133,-0.07750154,0.9965631,-0.02924959,-0.05833234,0.02475505,0.9979903
-8.336327,3.69577,7.89395,-0.06063288,-0.5076909,-8.764822,0.9956642,0.06899129,0.06239454,-0.06824949,0.9975708,-0.01394556,-0.0632051,0.009626702,0.9979541
-8.286524,3.635902,7.195701,-0.07074163,-0.5256001,-8.027668,0.9940779,0.07871763,0.07491858,-0.07765241,0.996835,-0.01703119,-0.07602211,0.01111273,0.9970442
-8.236652,3.606084,6.492026,-0.1138252,-0.3492593,-7.373631,0.9955558,0.0706761,0.06223752,-0.06978099,0.9974268,-0.01644284,-0.06323949,0.01202677,0.9979259
-8.172588,3.61536,5.813111,-0.1629346,-0.2183067,-6.695683,0.9955178,0.07289149,0.06025942,-0.07256025,0.9973345,-0.007669845,-0.06065787,0.003263028,0.9981533
-8.128373,3.680831,5.115158,-0.1270914,-0.09750084,-6.011692,0.9954177,0.07879396,0.05417639,-0.07845693,0.9968827,-0.008323197,-0.05466333,0.004034544,0.9984967
-8.127314,3.763043,4.382694,-0.028251,-0.03327698,-5.314824,0.9961973,0.0745547,0.04508405,-0.07444976,0.9972167,-0.004004743,-0.04525714,0.0006330176,0.9989752
